596,60,40
Main Terrain - Snow\DeformTerrainMaster\weightForceLeftYFloat,Main Terrain - Snow\DeformTerrainMaster\weightForceRightYFloat,Main Terrain - Snow\DeformTerrainMaster\weightForceYFloat,Main Terrain - Snow\DeformTerrainMaster\momentumForceLeftYFloat,Main Terrain - Snow\DeformTerrainMaster\momentumForceRightYFloat,Main Terrain - Snow\DeformTerrainMaster\momentumForceYFloat,Main Terrain - Snow\DeformTerrainMaster\totalGRForceLeftYFloat,Main Terrain - Snow\DeformTerrainMaster\totalGRForceRightYFloat,Main Terrain - Snow\DeformTerrainMaster\totalGRForceYFloat
0,000,0,000,0,000,0,000,0,000,0,000,0,000,0,000,0,000
0,000,0,000,0,000,0,000,0,000,0,000,0,000,0,000,0,000
0,000,0,000,0,000,0,000,0,000,0,000,0,000,0,000,0,000
-380,138,-380,138,-760,275,0,865,1,945,2,810,381,003,382,082,763,085
-380,138,-380,138,-760,275,0,685,0,905,1,590,380,822,381,043,761,865
-380,138,-380,138,-760,275,0,709,0,411,1,120,380,847,380,549,761,395
-380,138,-380,138,-760,275,0,743,0,237,0,979,380,880,380,374,761,254
-380,138,-380,138,-760,275,0,693,0,218,0,911,380,830,380,356,761,186
-264,146,-496,129,-760,275,0,454,0,275,0,729,264,146,496,129,760,275
0,000,-760,275,-760,275,0,454,0,275,0,729,0,000,760,275,760,275
-414,873,-345,402,-760,275,0,454,0,275,0,729,414,873,345,402,760,275
-760,275,0,000,-760,275,211,042,0,275,211,042,971,317,0,000,971,317
-760,275,0,000,-760,275,11,091,0,275,11,091,771,366,0,000,771,366
-760,275,0,000,-760,275,4,693,0,275,4,693,760,275,0,000,760,275
-726,977,-33,298,-760,275,4,693,4,238,4,238,726,977,33,298,760,275
-384,058,-376,217,-760,275,4,693,70,204,70,204,384,058,446,422,830,480
0,000,-760,275,-760,275,4,693,175,219,175,219,0,000,935,494,935,494
0,000,-760,275,-760,275,4,693,8,763,8,763,0,000,769,038,769,038
-278,625,-481,650,-760,275,118,946,3,000,118,946,397,571,481,650,879,221
-380,138,-380,138,-760,275,31,917,4,416,36,334,412,055,384,554,796,609
-235,130,-525,145,-760,275,14,909,3,552,18,461,235,130,525,145,760,275
-132,237,-628,038,-760,275,14,909,3,552,18,461,132,237,628,038,760,275
-448,060,-312,216,-760,275,95,585,3,552,95,585,543,645,312,216,855,860
-760,275,0,000,-760,275,48,189,3,552,48,189,808,464,0,000,808,464
-760,275,0,000,-760,275,16,828,3,552,16,828,777,103,0,000,777,103
-760,275,0,000,-760,275,4,338,3,552,4,338,760,275,0,000,760,275
-695,939,-64,336,-760,275,4,338,4,319,4,319,695,939,64,336,760,275
-384,058,-376,217,-760,275,4,338,70,894,70,894,384,058,447,111,831,169
0,000,-760,275,-760,275,4,338,181,435,181,435,0,000,941,710,941,710
0,000,-760,275,-760,275,4,338,8,756,8,756,0,000,769,031,769,031
0,000,-760,275,-760,275,4,338,8,583,8,583,0,000,760,275,760,275
0,000,-760,275,-760,275,4,338,8,583,8,583,0,000,760,275,760,275
-321,180,-439,096,-760,275,4,338,8,583,8,583,321,180,439,096,760,275
-760,275,0,000,-760,275,267,299,8,583,267,299,1027,574,0,000,1027,574
-760,275,0,000,-760,275,11,518,8,583,11,518,771,793,0,000,771,793
-760,275,0,000,-760,275,3,839,8,583,3,839,764,114,0,000,764,114
-733,685,-26,590,-760,275,3,839,3,161,3,161,733,685,29,752,763,437
-382,329,-377,946,-760,275,3,839,37,582,37,582,382,329,415,529,797,857
0,000,-760,275,-760,275,3,839,219,438,219,438,0,000,979,713,979,713
0,000,-760,275,-760,275,3,839,14,556,14,556,0,000,774,831,774,831
0,000,-760,275,-760,275,3,839,5,160,5,160,0,000,760,275,760,275
0,000,-760,275,-760,275,3,839,5,160,5,160,0,000,760,275,760,275
-321,996,-438,279,-760,275,11,279,5,160,11,279,333,275,438,279,771,554
-760,275,0,000,-760,275,262,389,5,160,262,389,1022,664,0,000,1022,664
-760,275,0,000,-760,275,20,000,5,160,20,000,760,275,0,000,760,275
-760,275,0,000,-760,275,33,601,5,160,33,601,793,876,0,000,793,876
-477,393,-282,882,-760,275,5,159,45,594,45,594,477,393,328,476,805,869
-380,138,-380,138,-760,275,5,159,57,173,57,173,380,138,437,310,817,448
-209,234,-551,041,-760,275,1,069,1,691,1,691,209,234,551,041,760,275
0,000,-760,275,-760,275,1,069,1,691,1,691,0,000,760,275,760,275
-557,638,-202,637,-760,275,224,567,1,691,224,567,782,205,202,637,984,842
-760,275,0,000,-760,275,25,196,1,691,25,196,785,471,0,000,785,471
-394,930,-365,346,-760,275,1,977,103,676,103,676,394,930,469,022,863,951
-380,138,-380,138,-760,275,1,977,24,591,24,591,380,138,380,138,760,275
-380,138,-380,138,-760,275,1,977,24,591,24,591,380,138,380,138,760,275
-380,138,-380,138,-760,275,1,977,24,591,24,591,380,138,380,138,760,275
-380,138,-380,138,-760,275,1,977,24,591,24,591,380,138,380,138,760,275
-380,138,-380,138,-760,275,1,977,24,591,24,591,380,138,380,138,760,275
-380,138,-380,138,-760,275,1,977,24,591,24,591,380,138,380,138,760,275
-380,138,-380,138,-760,275,1,977,24,591,24,591,380,138,380,138,760,275
-380,138,-380,138,-760,275,1,977,24,591,24,591,380,138,380,138,760,275
-380,138,-380,138,-760,275,1,977,24,591,24,591,380,138,380,138,760,275
-380,138,-380,138,-760,275,1,977,24,591,24,591,380,138,380,138,760,275
-380,138,-380,138,-760,275,1,977,24,591,24,591,380,138,380,138,760,275
-380,138,-380,138,-760,275,1,977,24,591,24,591,380,138,380,138,760,275
-380,138,-380,138,-760,275,1,977,24,591,24,591,380,138,380,138,760,275
-380,138,-380,138,-760,275,1,977,24,591,24,591,380,138,380,138,760,275
-380,138,-380,138,-760,275,1,977,0,005,0,005,380,138,380,138,760,275
-380,138,-380,138,-760,275,1,977,0,035,0,035,380,138,380,172,760,310
-380,138,-380,138,-760,275,1,977,0,112,0,112,380,138,380,250,760,387
-380,138,-380,138,-760,275,1,977,0,008,0,008,380,138,380,146,760,283
-380,138,-380,138,-760,275,1,977,0,008,0,008,380,138,380,138,760,275
-380,138,-380,138,-760,275,1,977,0,008,0,008,380,138,380,138,760,275
-380,138,-380,138,-760,275,1,977,0,008,0,008,380,138,380,138,760,275
-380,138,-380,138,-760,275,1,977,0,008,0,008,380,138,380,138,760,275
-380,138,-380,138,-760,275,1,977,0,008,0,008,380,138,380,138,760,275
-380,138,-380,138,-760,275,1,977,0,008,0,008,380,138,380,138,760,275
-380,138,-380,138,-760,275,1,977,0,008,0,008,380,138,380,138,760,275
-380,138,-380,138,-760,275,1,977,0,080,0,080,380,138,380,217,760,355
-380,138,-380,138,-760,275,1,977,0,092,0,092,380,138,380,230,760,367
-380,138,-380,138,-760,275,1,977,0,155,0,155,380,138,380,292,760,430
-380,138,-380,138,-760,275,1,977,0,125,0,125,380,138,380,262,760,400
-380,138,-380,138,-760,275,1,977,0,254,0,254,380,138,380,392,760,529
-380,138,-380,138,-760,275,1,977,0,207,0,207,380,138,380,344,760,482
-380,138,-380,138,-760,275,1,977,0,142,0,142,380,138,380,280,760,417
-380,138,-380,138,-760,275,0,039,0,109,0,148,380,177,380,246,760,423
-380,138,-380,138,-760,275,0,149,0,119,0,268,380,287,380,257,760,543
-380,138,-380,138,-760,275,0,067,0,229,0,229,380,138,380,366,760,504
-380,138,-380,138,-760,275,0,067,0,127,0,127,380,138,380,265,760,402
-380,138,-380,138,-760,275,0,067,0,097,0,097,380,138,380,235,760,372
-380,138,-380,138,-760,275,0,032,0,035,0,032,380,170,380,138,760,307
-380,138,-380,138,-760,275,0,209,0,035,0,209,380,347,380,138,760,484
-380,138,-380,138,-760,275,0,266,0,035,0,266,380,403,380,138,760,541
-380,138,-380,138,-760,275,0,360,0,035,0,360,380,498,380,138,760,635
-380,138,-380,138,-760,275,0,335,0,035,0,335,380,472,380,138,760,610
-380,138,-380,138,-760,275,0,498,0,035,0,498,380,635,380,138,760,773
-380,138,-380,138,-760,275,0,605,0,035,0,605,380,743,380,138,760,880
-380,138,-380,138,-760,275,0,353,0,035,0,353,380,491,380,138,760,628
-380,138,-380,138,-760,275,0,166,0,073,0,239,380,304,380,210,760,514
-380,138,-380,138,-760,275,0,124,0,104,0,228,380,261,380,242,760,503
-380,138,-380,138,-760,275,0,102,0,107,0,209,380,239,380,245,760,484
-380,138,-380,138,-760,275,0,044,0,081,0,081,380,138,380,218,760,356
-380,138,-380,138,-760,275,0,044,0,013,0,013,380,138,380,138,760,275
-351,529,-408,747,-760,275,0,140,0,013,0,140,351,668,408,747,760,415
-209,211,-551,064,-760,275,0,150,0,013,0,150,209,211,551,064,760,275
-190,537,-569,738,-760,275,0,150,0,013,0,150,190,537,569,738,760,275
-591,473,-168,803,-760,275,222,519,0,013,222,519,813,991,168,803,982,794
-760,275,0,000,-760,275,30,393,0,013,30,393,790,668,0,000,790,668
-760,275,0,000,-760,275,14,274,0,013,14,274,774,549,0,000,774,549
-760,275,0,000,-760,275,6,892,0,013,6,892,760,275,0,000,760,275
-612,824,-147,451,-760,275,6,892,4,104,4,104,612,824,147,451,760,275
0,000,-760,275,-760,275,6,892,291,782,291,782,0,000,1052,057,1052,057
0,000,-760,275,-760,275,6,892,60,994,60,994,0,000,821,269,821,269
0,000,-760,275,-760,275,6,892,10,407,10,407,0,000,770,682,770,682
0,000,-760,275,-760,275,6,892,10,407,10,407,0,000,760,275,760,275
-94,963,-665,312,-760,275,6,892,10,407,10,407,94,963,665,312,760,275
-500,756,-259,519,-760,275,165,490,10,407,165,490,666,246,259,519,925,765
-760,275,0,000,-760,275,54,490,10,407,54,490,814,765,0,000,814,765
-760,275,0,000,-760,275,19,371,10,407,19,371,779,646,0,000,779,646
-760,275,0,000,-760,275,3,820,10,407,3,820,760,275,0,000,760,275
-696,207,-64,068,-760,275,3,820,3,085,3,085,696,207,64,068,760,275
-153,115,-607,160,-760,275,3,820,238,399,238,399,153,115,845,559,998,674
0,000,-760,275,-760,275,3,820,49,393,49,393,0,000,809,668,809,668
0,000,-760,275,-760,275,3,820,10,334,10,334,0,000,770,609,770,609
0,000,-760,275,-760,275,3,820,3,354,3,354,0,000,760,275,760,275
0,000,-760,275,-760,275,3,820,3,354,3,354,0,000,760,275,760,275
0,000,0,000,-760,275,3,820,3,354,3,354,0,000,0,000,0,000
-760,275,0,000,-760,275,184,456,3,354,184,456,944,731,0,000,944,731
-760,275,0,000,-760,275,138,939,3,354,138,939,899,214,0,000,899,214
-760,275,0,000,-760,275,48,265,3,354,48,265,760,275,0,000,760,275
0,000,0,000,-760,275,48,265,3,354,48,265,0,000,0,000,0,000
0,000,-760,275,-760,275,48,265,561,285,561,285,0,000,1321,560,1321,560
0,000,-760,275,-760,275,48,265,14,819,14,819,0,000,760,275,760,275
0,000,0,000,-760,275,48,265,14,819,14,819,0,000,0,000,0,000
-760,275,0,000,-760,275,387,093,14,819,387,093,1147,368,0,000,1147,368
-760,275,0,000,-760,275,357,866,14,819,357,866,1118,141,0,000,1118,141
-760,275,0,000,-760,275,4,229,14,819,4,229,760,275,0,000,760,275
0,000,0,000,-760,275,4,229,14,819,4,229,0,000,0,000,0,000
0,000,-760,275,-760,275,4,229,346,720,346,720,0,000,1106,995,1106,995
0,000,-760,275,-760,275,4,229,42,685,42,685,0,000,760,275,760,275
0,000,0,000,-760,275,4,229,42,685,42,685,0,000,0,000,0,000
-760,275,0,000,-760,275,525,522,42,685,525,522,1285,797,0,000,1285,797
0,000,0,000,-760,275,163,052,42,685,163,052,0,000,0,000,0,000
-760,275,0,000,-760,275,91,466,42,685,91,466,760,275,0,000,760,275
0,000,-760,275,-760,275,91,466,42,685,91,466,0,000,760,275,760,275
0,000,-760,275,-760,275,91,466,281,629,281,629,0,000,1041,904,1041,904
0,000,0,000,-760,275,91,466,206,522,206,522,0,000,0,000,0,000
0,000,0,000,-760,275,91,466,28,850,28,850,0,000,0,000,0,000
-760,275,0,000,-760,275,501,914,28,850,501,914,1262,189,0,000,1262,189
-760,275,0,000,-760,275,75,242,28,850,75,242,835,518,0,000,835,518
0,000,0,000,-760,275,37,043,28,850,37,043,0,000,0,000,0,000
-414,873,-345,402,-760,275,83,971,90,091,83,971,498,844,345,402,844,246
-760,275,0,000,-760,275,206,169,90,091,206,169,966,444,0,000,966,444
-760,275,0,000,-760,275,9,964,90,091,9,964,770,239,0,000,770,239
-760,275,0,000,-760,275,3,890,90,091,3,890,760,275,0,000,760,275
-707,950,-52,325,-760,275,3,890,4,255,4,255,707,950,52,325,760,275
-430,600,-329,675,-760,275,3,890,4,255,4,255,430,600,329,675,760,275
0,000,-760,275,-760,275,3,890,275,434,275,434,0,000,1035,709,1035,709
0,000,-760,275,-760,275,3,890,21,679,21,679,0,000,781,954,781,954
0,000,-760,275,-760,275,3,890,8,772,8,772,0,000,760,275,760,275
0,000,-760,275,-760,275,3,890,8,772,8,772,0,000,760,275,760,275
-265,605,-494,670,-760,275,3,890,8,772,8,772,265,605,494,670,760,275
-760,275,0,000,-760,275,298,309,8,772,298,309,1058,584,0,000,1058,584
-760,275,0,000,-760,275,7,339,8,772,7,339,767,614,0,000,767,614
-760,275,0,000,-760,275,9,542,8,772,9,542,760,275,0,000,760,275
-733,685,-26,590,-760,275,3,595,2,428,2,428,733,685,29,018,762,703
-580,705,-179,570,-760,275,3,595,2,428,2,428,580,705,179,570,760,275
0,000,-760,275,-760,275,3,595,176,078,176,078,0,000,936,353,936,353
0,000,-760,275,-760,275,3,595,31,059,31,059,0,000,791,334,791,334
0,000,-760,275,-760,275,3,595,4,983,4,983,0,000,765,258,765,258
0,000,-760,275,-760,275,3,595,4,983,4,983,0,000,760,275,760,275
0,000,-760,275,-760,275,3,595,4,983,4,983,0,000,760,275,760,275
-550,776,-209,499,-760,275,102,958,4,983,102,958,653,734,209,499,863,234
-760,275,0,000,-760,275,38,258,4,983,38,258,798,533,0,000,798,533
-760,275,0,000,-760,275,3,194,4,983,3,194,763,469,0,000,763,469
-394,855,-365,420,-760,275,3,469,51,589,51,589,394,855,417,009,811,864
-293,130,-467,145,-760,275,3,469,22,530,22,530,293,130,467,145,760,275
-162,674,-597,601,-760,275,0,583,22,530,0,583,162,674,597,601,760,275
-321,593,-438,682,-760,275,0,583,22,530,0,583,321,593,438,682,760,275
-760,275,0,000,-760,275,184,212,22,530,184,212,944,487,0,000,944,487
-760,275,0,000,-760,275,11,322,22,530,11,322,771,597,0,000,771,597
-380,138,-380,138,-760,275,4,928,67,068,71,996,385,066,447,205,832,271
-235,130,-525,145,-760,275,0,701,1,168,1,869,235,130,525,145,760,275
-132,237,-628,038,-760,275,0,805,1,168,0,805,132,237,628,038,760,275
-448,060,-312,216,-760,275,60,322,1,168,60,322,508,382,312,216,820,597
-760,275,0,000,-760,275,35,902,1,168,35,902,796,177,0,000,796,177
-760,275,0,000,-760,275,19,170,1,168,19,170,779,445,0,000,779,445
-760,275,0,000,-760,275,19,170,1,168,19,170,760,275,0,000,760,275
-695,939,-64,336,-760,275,19,170,3,180,3,180,695,939,64,336,760,275
-384,058,-376,217,-760,275,19,170,58,289,58,289,384,058,434,507,818,565
0,000,-760,275,-760,275,19,170,109,123,109,123,0,000,869,398,869,398
0,000,-760,275,-760,275,19,170,17,623,17,623,0,000,777,898,777,898
0,000,0,000,-760,275,19,170,17,623,17,623,0,000,0,000,0,000
-760,275,0,000,-760,275,274,047,17,623,274,047,1034,322,0,000,1034,322
-760,275,0,000,-760,275,4,241,17,623,4,241,760,275,0,000,760,275
0,000,0,000,-760,275,4,241,17,623,4,241,0,000,0,000,0,000
0,000,-760,275,-760,275,4,241,359,602,359,602,0,000,1119,877,1119,877
0,000,-760,275,-760,275,4,241,9,022,9,022,0,000,769,297,769,297
0,000,-760,275,-760,275,4,241,9,022,9,022,0,000,760,275,760,275
0,000,0,000,-760,275,4,241,9,022,9,022,0,000,0,000,0,000
-760,275,0,000,-760,275,280,705,9,022,280,705,1040,980,0,000,1040,980
-760,275,0,000,-760,275,36,086,9,022,36,086,760,275,0,000,760,275
0,000,0,000,-760,275,36,086,9,022,36,086,0,000,0,000,0,000
0,000,-760,275,-760,275,36,086,213,033,213,033,0,000,973,308,973,308
0,000,-760,275,-760,275,36,086,0,699,0,699,0,000,760,275,760,275
-760,275,0,000,-760,275,137,243,0,699,137,243,897,518,0,000,897,518
-760,275,0,000,-760,275,12,662,0,699,12,662,772,937,0,000,772,937
-760,275,0,000,-760,275,4,507,0,699,4,507,760,275,0,000,760,275
-695,939,-64,336,-760,275,4,507,2,710,2,710,695,939,64,336,760,275
0,000,-760,275,-760,275,4,507,193,905,193,905,0,000,954,180,954,180
0,000,0,000,-760,275,4,507,118,179,118,179,0,000,0,000,0,000
-760,275,0,000,-760,275,418,135,118,179,418,135,1178,410,0,000,1178,410
-760,275,0,000,-760,275,27,260,118,179,27,260,787,535,0,000,787,535
-760,275,0,000,-760,275,52,108,118,179,52,108,812,383,0,000,812,383
0,000,-760,275,-760,275,52,108,103,086,103,086,0,000,863,361,863,361
0,000,-760,275,-760,275,52,108,147,231,147,231,0,000,907,506,907,506
0,000,-760,275,-760,275,52,108,147,231,147,231,0,000,760,275,760,275
0,000,0,000,-760,275,52,108,147,231,147,231,0,000,0,000,0,000
-760,275,0,000,-760,275,349,194,147,231,349,194,1109,469,0,000,1109,469
-760,275,0,000,-760,275,59,678,147,231,59,678,760,275,0,000,760,275
0,000,0,000,-760,275,71,853,147,231,71,853,0,000,0,000,0,000
0,000,-760,275,-760,275,71,853,4,547,4,547,0,000,764,822,764,822
0,000,-760,275,-760,275,71,853,19,446,19,446,0,000,779,721,779,721
0,000,-760,275,-760,275,71,853,7,988,7,988,0,000,760,275,760,275
0,000,0,000,-760,275,71,853,7,988,7,988,0,000,0,000,0,000
-760,275,0,000,-760,275,440,274,7,988,440,274,1200,549,0,000,1200,549
-760,275,0,000,-760,275,229,987,7,988,229,987,760,275,0,000,760,275
0,000,0,000,-760,275,13,518,7,988,13,518,0,000,0,000,0,000
0,000,-760,275,-760,275,13,518,237,808,237,808,0,000,998,083,998,083
0,000,0,000,-760,275,13,518,154,133,154,133,0,000,0,000,0,000
0,000,-760,275,-760,275,13,518,4,027,4,027,0,000,760,275,760,275
0,000,0,000,-760,275,13,518,4,027,4,027,0,000,0,000,0,000
-760,275,0,000,-760,275,215,315,4,027,215,315,975,590,0,000,975,590
-760,275,0,000,-760,275,66,175,4,027,66,175,826,450,0,000,826,450
0,000,0,000,-760,275,71,137,4,027,71,137,0,000,0,000,0,000
0,000,-760,275,-760,275,71,137,395,396,395,396,0,000,1155,671,1155,671
0,000,-760,275,-760,275,71,137,0,311,0,311,0,000,760,586,760,586
0,000,0,000,-760,275,71,137,0,311,0,311,0,000,0,000,0,000
-760,275,0,000,-760,275,290,385,0,311,290,385,1050,660,0,000,1050,660
-760,275,0,000,-760,275,128,350,0,311,128,350,888,626,0,000,888,626
-760,275,0,000,-760,275,17,281,0,311,17,281,777,556,0,000,777,556
0,000,0,000,-760,275,17,281,0,311,17,281,0,000,0,000,0,000
0,000,-760,275,-760,275,17,281,212,835,212,835,0,000,973,111,973,111
0,000,-760,275,-760,275,17,281,29,624,29,624,0,000,760,275,760,275
-760,275,0,000,-760,275,128,013,29,624,128,013,888,288,0,000,888,288
-760,275,0,000,-760,275,14,354,29,624,14,354,760,275,0,000,760,275
-760,275,0,000,-760,275,7,988,29,624,7,988,768,263,0,000,768,263
-616,032,-144,243,-760,275,7,988,0,819,0,819,616,032,145,062,761,094
-424,256,-336,019,-760,275,7,988,28,779,28,779,424,256,364,797,789,054
-380,138,-380,138,-760,275,20,852,23,841,44,692,400,989,403,978,804,967
-380,138,-380,138,-760,275,0,031,0,373,0,373,380,138,380,511,760,648
-380,138,-380,138,-760,275,0,031,0,096,0,096,380,138,380,138,760,275
-380,138,-380,138,-760,275,0,031,0,096,0,096,380,138,380,138,760,275
-322,783,-437,492,-760,275,0,062,0,096,0,062,322,845,437,492,760,337
-183,574,-576,701,-760,275,0,062,0,096,0,062,183,574,576,701,760,275
-190,470,-569,805,-760,275,0,062,0,096,0,062,190,470,569,805,760,275
-760,275,0,000,-760,275,151,453,0,096,151,453,911,728,0,000,911,728
-760,275,0,000,-760,275,4,482,0,096,4,482,764,757,0,000,764,757
-760,275,0,000,-760,275,1,777,0,096,1,777,760,275,0,000,760,275
-726,977,-33,298,-760,275,6,886,3,567,10,454,726,977,33,298,760,275
-537,539,-222,737,-760,275,6,886,3,567,10,454,537,539,222,737,760,275
0,000,-760,275,-760,275,6,886,192,466,192,466,0,000,952,741,952,741
0,000,-760,275,-760,275,6,886,7,049,7,049,0,000,767,324,767,324
0,000,-760,275,-760,275,6,886,7,049,7,049,0,000,760,275,760,275
0,000,-760,275,-760,275,6,886,7,049,7,049,0,000,760,275,760,275
-321,180,-439,096,-760,275,7,270,7,049,7,270,328,450,439,096,767,545
-760,275,0,000,-760,275,99,022,7,049,99,022,859,297,0,000,859,297
-760,275,0,000,-760,275,23,439,7,049,23,439,783,714,0,000,783,714
-760,275,0,000,-760,275,12,916,7,049,12,916,760,275,0,000,760,275
-696,207,-64,068,-760,275,12,916,0,287,0,287,696,207,64,068,760,275
-382,329,-377,946,-760,275,12,916,9,347,9,347,382,329,387,293,769,622
0,000,-760,275,-760,275,12,916,94,238,94,238,0,000,854,513,854,513
0,000,-760,275,-760,275,12,916,77,369,77,369,0,000,760,275,760,275
0,000,-760,275,-760,275,12,916,38,897,38,897,0,000,799,172,799,172
0,000,-760,275,-760,275,12,916,2,170,2,170,0,000,760,275,760,275
-369,473,-390,802,-760,275,12,916,2,170,2,170,369,473,390,802,760,275
-760,275,0,000,-760,275,117,166,2,170,117,166,877,441,0,000,877,441
-760,275,0,000,-760,275,17,437,2,170,17,437,777,712,0,000,777,712
-760,275,0,000,-760,275,1,715,2,170,1,715,760,275,0,000,760,275
-696,073,-64,202,-760,275,1,715,0,388,0,388,696,073,64,202,760,275
-383,192,-377,083,-760,275,1,715,29,056,29,056,383,192,406,140,789,331
0,000,-760,275,-760,275,1,715,71,688,71,688,0,000,831,963,831,963
0,000,-760,275,-760,275,1,715,10,147,10,147,0,000,760,275,760,275
0,000,-760,275,-760,275,1,715,1,892,1,892,0,000,760,275,760,275
0,000,-760,275,-760,275,1,715,1,892,1,892,0,000,760,275,760,275
-321,595,-438,680,-760,275,1,218,1,892,1,218,322,813,438,680,761,493
-760,275,0,000,-760,275,106,024,1,892,106,024,866,299,0,000,866,299
-760,275,0,000,-760,275,1,380,1,892,1,380,761,655,0,000,761,655
-760,275,0,000,-760,275,2,346,1,892,2,346,762,621,0,000,762,621
-726,978,-33,297,-760,275,2,346,1,759,1,759,726,978,33,297,760,275
-537,540,-222,735,-760,275,2,346,1,759,1,759,537,540,222,735,760,275
0,000,-760,275,-760,275,2,346,111,186,111,186,0,000,871,461,871,461
0,000,-760,275,-760,275,2,346,10,588,10,588,0,000,770,863,770,863
0,000,-760,275,-760,275,2,346,3,340,3,340,0,000,760,275,760,275
0,000,-760,275,-760,275,2,346,3,340,3,340,0,000,760,275,760,275
-164,584,-595,691,-760,275,2,346,3,340,3,340,164,584,595,691,760,275
-760,275,0,000,-760,275,124,914,3,340,124,914,885,189,0,000,885,189
-760,275,0,000,-760,275,6,428,3,340,6,428,766,703,0,000,766,703
-760,275,0,000,-760,275,3,610,3,340,3,610,763,885,0,000,763,885
0,000,-760,275,-760,275,1,522,70,887,70,887,0,000,831,162,831,162
0,000,0,000,-760,275,1,522,20,873,20,873,0,000,0,000,0,000
-760,275,0,000,-760,275,224,613,20,873,224,613,984,888,0,000,984,888
-760,275,0,000,-760,275,21,245,20,873,21,245,781,520,0,000,781,520
0,000,0,000,-760,275,33,891,20,873,33,891,0,000,0,000,0,000
0,000,-760,275,-760,275,33,891,136,761,136,761,0,000,897,036,897,036
0,000,-760,275,-760,275,33,891,78,213,78,213,0,000,760,275,760,275
0,000,-760,275,-760,275,33,891,78,213,78,213,0,000,760,275,760,275
0,000,0,000,-760,275,33,891,78,213,78,213,0,000,0,000,0,000
-760,275,0,000,-760,275,240,302,78,213,240,302,1000,577,0,000,1000,577
-760,275,0,000,-760,275,29,031,78,213,29,031,760,275,0,000,760,275
0,000,0,000,-760,275,7,657,78,213,7,657,0,000,0,000,0,000
0,000,-760,275,-760,275,7,657,153,457,153,457,0,000,913,732,913,732
0,000,-760,275,-760,275,7,657,85,486,85,486,0,000,845,761,845,761
0,000,-760,275,-760,275,7,657,85,486,85,486,0,000,760,275,760,275
-760,275,0,000,-760,275,112,777,85,486,112,777,873,052,0,000,873,052
-760,275,0,000,-760,275,11,208,85,486,11,208,771,484,0,000,771,484
-760,275,0,000,-760,275,4,530,85,486,4,530,764,805,0,000,764,805
-760,275,0,000,-760,275,1,927,85,486,1,927,760,275,0,000,760,275
-636,391,-123,884,-760,275,1,927,1,774,1,774,636,391,123,884,760,275
-152,261,-608,014,-760,275,1,927,74,165,74,165,152,261,682,179,834,440
0,000,-760,275,-760,275,1,927,41,070,41,070,0,000,801,345,801,345
0,000,-760,275,-760,275,1,927,3,325,3,325,0,000,763,600,763,600
0,000,-760,275,-760,275,1,927,3,325,3,325,0,000,760,275,760,275
0,000,-760,275,-760,275,1,927,3,325,3,325,0,000,760,275,760,275
0,000,0,000,-760,275,1,927,3,325,3,325,0,000,0,000,0,000
-760,275,0,000,-760,275,255,894,3,325,255,894,1016,169,0,000,1016,169
-760,275,0,000,-760,275,10,284,3,325,10,284,770,559,0,000,770,559
0,000,0,000,-760,275,10,491,3,325,10,491,0,000,0,000,0,000
0,000,-760,275,-760,275,10,491,153,429,153,429,0,000,913,704,913,704
0,000,-760,275,-760,275,10,491,38,944,38,944,0,000,760,275,760,275
-665,786,-94,490,-760,275,75,792,38,944,75,792,741,577,94,490,836,067
0,000,0,000,-760,275,75,792,38,944,75,792,0,000,0,000,0,000
0,000,0,000,-760,275,75,792,38,944,75,792,0,000,0,000,0,000
-760,275,0,000,-760,275,138,908,38,944,138,908,899,183,0,000,899,183
-760,275,0,000,-760,275,13,121,38,944,13,121,773,396,0,000,773,396
0,000,0,000,-760,275,10,773,38,944,10,773,0,000,0,000,0,000
0,000,-760,275,-760,275,10,773,170,253,170,253,0,000,930,528,930,528
0,000,0,000,-760,275,10,773,6,974,6,974,0,000,0,000,0,000
0,000,-760,275,-760,275,10,773,8,907,8,907,0,000,760,275,760,275
0,000,0,000,-760,275,10,773,8,907,8,907,0,000,0,000,0,000
-760,275,0,000,-760,275,160,223,8,907,160,223,920,498,0,000,920,498
-760,275,0,000,-760,275,14,693,8,907,14,693,760,275,0,000,760,275
0,000,0,000,-760,275,14,693,8,907,14,693,0,000,0,000,0,000
0,000,-760,275,-760,275,14,693,206,843,206,843,0,000,967,118,967,118
0,000,-760,275,-760,275,14,693,14,039,14,039,0,000,774,314,774,314
0,000,-760,275,-760,275,14,693,14,039,14,039,0,000,760,275,760,275
-760,275,0,000,-760,275,180,047,14,039,180,047,940,322,0,000,940,322
-760,275,0,000,-760,275,52,105,14,039,52,105,812,380,0,000,812,380
-760,275,0,000,-760,275,39,479,14,039,39,479,799,754,0,000,799,754
0,000,0,000,-760,275,39,479,14,039,39,479,0,000,0,000,0,000
0,000,-760,275,-760,275,39,479,41,867,41,867,0,000,802,142,802,142
-448,060,-312,216,-760,275,114,272,41,867,114,272,562,331,312,216,874,547
-760,275,0,000,-760,275,19,194,41,867,19,194,779,469,0,000,779,469
-760,275,0,000,-760,275,9,124,41,867,9,124,760,275,0,000,760,275
-746,940,-13,335,-760,275,9,124,1,278,1,278,746,940,14,613,761,553
-537,539,-222,737,-760,275,9,124,1,278,1,278,537,539,222,737,760,275
0,000,-760,275,-760,275,9,124,106,802,106,802,0,000,867,077,867,077
0,000,-760,275,-760,275,9,124,47,670,47,670,0,000,760,275,760,275
0,000,0,000,-760,275,9,124,47,670,47,670,0,000,0,000,0,000
-760,275,0,000,-760,275,244,485,47,670,244,485,1004,760,0,000,1004,760
-760,275,0,000,-760,275,34,342,47,670,34,342,760,275,0,000,760,275
0,000,0,000,-760,275,9,731,47,670,9,731,0,000,0,000,0,000
0,000,-760,275,-760,275,9,731,155,414,155,414,0,000,915,689,915,689
0,000,0,000,-760,275,9,731,126,018,126,018,0,000,0,000,0,000
0,000,-760,275,-760,275,9,731,126,018,126,018,0,000,760,275,760,275
0,000,0,000,-760,275,9,731,126,018,126,018,0,000,0,000,0,000
-760,275,0,000,-760,275,251,340,126,018,251,340,1011,615,0,000,1011,615
-760,275,0,000,-760,275,6,455,126,018,6,455,760,275,0,000,760,275
0,000,0,000,-760,275,6,455,126,018,6,455,0,000,0,000,0,000
0,000,-760,275,-760,275,6,455,50,283,50,283,0,000,810,558,810,558
-760,275,0,000,-760,275,127,060,50,283,127,060,887,335,0,000,887,335
-760,275,0,000,-760,275,4,298,50,283,4,298,764,573,0,000,764,573
-760,275,0,000,-760,275,2,471,50,283,2,471,762,746,0,000,762,746
-740,144,-20,131,-760,275,1,864,1,775,1,775,740,144,21,907,762,051
-636,391,-123,884,-760,275,1,864,1,775,1,775,636,391,123,884,760,275
0,000,-760,275,-760,275,1,864,111,430,111,430,0,000,871,705,871,705
0,000,-760,275,-760,275,1,864,21,412,21,412,0,000,781,687,781,687
0,000,-760,275,-760,275,1,864,9,166,9,166,0,000,769,441,769,441
0,000,-760,275,-760,275,1,864,9,166,9,166,0,000,760,275,760,275
-265,605,-494,670,-760,275,1,864,9,166,9,166,265,605,494,670,760,275
-760,275,0,000,-760,275,140,961,9,166,140,961,901,236,0,000,901,236
-760,275,0,000,-760,275,13,829,9,166,13,829,774,104,0,000,774,104
0,000,0,000,-760,275,7,194,9,166,7,194,0,000,0,000,0,000
0,000,0,000,-760,275,7,194,9,166,7,194,0,000,0,000,0,000
-760,275,0,000,-760,275,139,097,9,166,139,097,899,372,0,000,899,372
-760,275,0,000,-760,275,2,381,9,166,2,381,762,656,0,000,762,656
0,000,0,000,-760,275,1,827,9,166,1,827,0,000,0,000,0,000
0,000,-760,275,-760,275,1,827,206,752,206,752,0,000,967,027,967,027
0,000,0,000,-760,275,1,827,115,128,115,128,0,000,0,000,0,000
0,000,-760,275,-760,275,1,827,15,450,15,450,0,000,760,275,760,275
-760,275,0,000,-760,275,4,306,15,450,4,306,764,581,0,000,764,581
-760,275,0,000,-760,275,127,887,7,553,127,887,888,162,0,000,888,162
-760,275,0,000,-760,275,22,367,7,553,22,367,782,642,0,000,782,642
-760,275,0,000,-760,275,2,408,7,553,2,408,760,275,0,000,760,275
-726,977,-33,298,-760,275,2,408,1,526,1,526,726,977,33,298,760,275
-487,229,-273,046,-760,275,2,408,14,533,14,533,487,229,287,579,774,808
-296,545,-463,730,-760,275,2,408,37,859,37,859,296,545,501,590,798,134
-380,138,-380,138,-760,275,48,118,8,370,48,118,428,255,380,138,808,393
-235,130,-525,145,-760,275,22,436,8,370,22,436,235,130,525,145,760,275
0,000,-760,275,-760,275,22,436,8,370,22,436,0,000,760,275,760,275
-448,060,-312,216,-760,275,46,120,8,370,46,120,494,179,312,216,806,395
-760,275,0,000,-760,275,28,513,8,370,28,513,788,788,0,000,788,788
-760,275,0,000,-760,275,2,406,8,370,2,406,760,275,0,000,760,275
-760,275,0,000,-760,275,1,033,8,370,1,033,760,275,0,000,760,275
-695,939,-64,336,-760,275,1,033,1,772,1,772,695,939,64,336,760,275
0,000,-760,275,-760,275,1,033,60,259,60,259,0,000,820,534,820,534
0,000,-760,275,-760,275,1,033,55,818,55,818,0,000,816,093,816,093
-760,275,0,000,-760,275,287,771,55,818,287,771,1048,046,0,000,1048,046
-760,275,0,000,-760,275,18,120,55,818,18,120,760,275,0,000,760,275
0,000,0,000,-760,275,26,026,55,818,26,026,0,000,0,000,0,000
0,000,-760,275,-760,275,26,026,55,818,26,026,0,000,760,275,760,275
0,000,-760,275,-760,275,26,026,110,105,110,105,0,000,870,380,870,380
0,000,-760,275,-760,275,26,026,80,379,80,379,0,000,760,275,760,275
0,000,0,000,-760,275,26,026,80,379,80,379,0,000,0,000,0,000
-760,275,0,000,-760,275,164,604,80,379,164,604,924,879,0,000,924,879
-760,275,0,000,-760,275,28,656,80,379,28,656,760,275,0,000,760,275
0,000,0,000,-760,275,7,617,80,379,7,617,0,000,0,000,0,000
0,000,-760,275,-760,275,7,617,55,628,55,628,0,000,815,903,815,903
0,000,-760,275,-760,275,7,617,86,440,86,440,0,000,846,715,846,715
0,000,-760,275,-760,275,7,617,86,440,86,440,0,000,760,275,760,275
0,000,0,000,-760,275,7,617,86,440,86,440,0,000,0,000,0,000
-760,275,0,000,-760,275,61,079,86,440,61,079,821,354,0,000,821,354
-448,060,-312,216,-760,275,40,685,10,850,51,535,488,745,323,066,811,810
-760,275,0,000,-760,275,22,121,10,850,22,121,782,396,0,000,782,396
-760,275,0,000,-760,275,5,799,10,850,5,799,766,074,0,000,766,074
-394,772,-365,503,-760,275,0,282,35,917,35,917,394,772,401,420,796,192
-380,138,-380,138,-760,275,0,282,5,823,5,823,380,138,380,138,760,275
-380,138,-380,138,-760,275,0,282,5,823,5,823,380,138,380,138,760,275
-380,138,-380,138,-760,275,0,282,5,823,5,823,380,138,380,138,760,275
-380,138,-380,138,-760,275,0,282,5,823,5,823,380,138,380,138,760,275
-380,138,-380,138,-760,275,0,015,5,823,0,015,380,152,380,138,760,290
-380,138,-380,138,-760,275,0,003,5,823,0,003,380,138,380,138,760,275
-380,138,-380,138,-760,275,0,003,5,823,0,003,380,138,380,138,760,275
-380,138,-380,138,-760,275,0,003,5,823,0,003,380,138,380,138,760,275
-322,591,-437,684,-760,275,0,003,5,823,0,003,322,591,437,684,760,275
-183,520,-576,755,-760,275,0,003,5,823,0,003,183,520,576,755,760,275
-218,073,-542,202,-760,275,0,003,5,823,0,003,218,073,542,202,760,275
-591,473,-168,803,-760,275,88,941,5,823,88,941,680,413,168,803,849,216
-760,275,0,000,-760,275,5,854,5,823,5,854,766,129,0,000,766,129
-760,275,0,000,-760,275,2,877,5,823,2,877,763,152,0,000,763,152
-726,977,-33,298,-760,275,2,877,1,714,1,714,726,977,33,298,760,275
-512,398,-247,878,-760,275,2,877,1,714,1,714,512,398,247,878,760,275
0,000,-760,275,-760,275,2,877,96,531,96,531,0,000,856,806,856,806
-365,585,-394,691,-760,275,45,413,0,198,45,611,410,998,394,888,805,886
-380,138,-380,138,-760,275,27,146,0,198,27,146,380,138,380,138,760,275
-380,138,-380,138,-760,275,27,146,0,198,27,146,380,138,380,138,760,275
-380,138,-380,138,-760,275,27,146,0,198,27,146,380,138,380,138,760,275
-380,138,-380,138,-760,275,27,146,0,198,27,146,380,138,380,138,760,275
-380,138,-380,138,-760,275,0,040,0,198,0,040,380,177,380,138,760,315
-380,138,-380,138,-760,275,0,016,0,198,0,016,380,138,380,138,760,275
-380,138,-380,138,-760,275,0,016,0,198,0,016,380,138,380,138,760,275
-380,138,-380,138,-760,275,0,016,0,198,0,016,380,138,380,138,760,275
-380,138,-380,138,-760,275,0,016,0,198,0,016,380,138,380,138,760,275
-380,138,-380,138,-760,275,0,016,0,198,0,016,380,138,380,138,760,275
-380,138,-380,138,-760,275,0,016,0,016,0,016,380,138,380,154,760,291
-380,138,-380,138,-760,275,0,016,0,002,0,002,380,138,380,138,760,275
-380,138,-380,138,-760,275,0,016,0,002,0,002,380,138,380,138,760,275
-380,138,-380,138,-760,275,0,016,0,002,0,002,380,138,380,138,760,275
-380,138,-380,138,-760,275,0,016,0,006,0,006,380,138,380,143,760,281
-380,138,-380,138,-760,275,0,016,0,029,0,029,380,138,380,167,760,304
-380,138,-380,138,-760,275,0,016,0,051,0,051,380,138,380,188,760,326
-380,138,-380,138,-760,275,0,016,0,015,0,015,380,138,380,152,760,290
-380,138,-380,138,-760,275,0,016,0,007,0,007,380,138,380,138,760,275
-380,138,-380,138,-760,275,0,016,0,007,0,007,380,138,380,138,760,275
-380,138,-380,138,-760,275,0,016,0,007,0,007,380,138,380,138,760,275
-380,138,-380,138,-760,275,0,016,0,007,0,007,380,138,380,138,760,275
-380,138,-380,138,-760,275,0,016,0,007,0,007,380,138,380,138,760,275
-380,138,-380,138,-760,275,0,016,0,007,0,007,380,138,380,138,760,275
-380,138,-380,138,-760,275,0,016,0,007,0,007,380,138,380,138,760,275
-380,138,-380,138,-760,275,0,016,0,032,0,032,380,138,380,170,760,307
-380,138,-380,138,-760,275,0,016,0,034,0,034,380,138,380,171,760,309
-380,138,-380,138,-760,275,0,016,0,068,0,068,380,138,380,206,760,343
-380,138,-380,138,-760,275,0,016,0,041,0,041,380,138,380,178,760,316
-380,138,-380,138,-760,275,0,016,0,102,0,102,380,138,380,240,760,377
-380,138,-380,138,-760,275,0,016,0,083,0,083,380,138,380,221,760,358
-380,138,-380,138,-760,275,0,016,0,057,0,057,380,138,380,195,760,332
-380,138,-380,138,-760,275,0,000,0,034,0,035,380,138,380,172,760,310
-380,138,-380,138,-760,275,0,070,0,049,0,119,380,207,380,187,760,394
-380,138,-380,138,-760,275,0,026,0,080,0,080,380,138,380,218,760,355
-380,138,-380,138,-760,275,0,026,0,055,0,055,380,138,380,193,760,330
-380,138,-380,138,-760,275,0,026,0,057,0,057,380,138,380,194,760,332
-380,138,-380,138,-760,275,0,026,0,014,0,014,380,138,380,138,760,275
-380,138,-380,138,-760,275,0,059,0,014,0,059,380,196,380,138,760,334
-380,138,-380,138,-760,275,0,105,0,014,0,105,380,243,380,138,760,380
-380,138,-380,138,-760,275,0,120,0,014,0,120,380,258,380,138,760,395
-380,138,-380,138,-760,275,0,140,0,014,0,140,380,277,380,138,760,415
-380,138,-380,138,-760,275,0,146,0,014,0,146,380,284,380,138,760,421
-380,138,-380,138,-760,275,0,260,0,014,0,260,380,397,380,138,760,535
-380,138,-380,138,-760,275,0,164,0,014,0,164,380,302,380,138,760,439
-380,138,-380,138,-760,275,0,096,0,002,0,097,380,233,380,139,760,373
-380,138,-380,138,-760,275,0,041,0,043,0,084,380,178,380,181,760,359
-380,138,-380,138,-760,275,0,081,0,024,0,105,380,218,380,162,760,380
-380,138,-380,138,-760,275,0,024,0,043,0,068,380,162,380,181,760,343
-380,138,-380,138,-760,275,0,015,0,004,0,004,380,138,380,141,760,279
-380,138,-380,138,-760,275,0,015,0,004,0,015,380,153,380,138,760,290
-380,138,-380,138,-760,275,0,073,0,004,0,073,380,211,380,138,760,349
-380,138,-380,138,-760,275,0,098,0,004,0,098,380,235,380,138,760,373
-380,138,-380,138,-760,275,0,056,0,004,0,056,380,194,380,138,760,331
-380,138,-380,138,-760,275,0,019,0,004,0,019,380,138,380,138,760,275
-380,138,-380,138,-760,275,0,019,0,004,0,019,380,138,380,138,760,275
-380,138,-380,138,-760,275,0,019,0,007,0,007,380,138,380,144,760,282
-380,138,-380,138,-760,275,0,067,0,031,0,098,380,204,380,169,760,373
-380,138,-380,138,-760,275,0,037,0,089,0,126,380,175,380,226,760,401
-380,138,-380,138,-760,275,0,052,0,066,0,118,380,189,380,204,760,393
-380,138,-380,138,-760,275,0,079,0,047,0,127,380,217,380,185,760,402
-380,138,-380,138,-760,275,0,051,0,026,0,077,380,189,380,163,760,352
-380,138,-380,138,-760,275,0,112,0,008,0,120,380,249,380,145,760,395
-380,138,-380,138,-760,275,0,153,0,009,0,153,380,290,380,138,760,428
-380,138,-380,138,-760,275,0,137,0,004,0,140,380,274,380,141,760,415
-380,138,-380,138,-760,275,0,112,0,004,0,112,380,250,380,138,760,387
-380,138,-380,138,-760,275,0,111,0,003,0,111,380,249,380,138,760,386
-380,138,-380,138,-760,275,0,116,0,001,0,118,380,254,380,139,760,393
-380,138,-380,138,-760,275,0,089,0,076,0,165,380,227,380,213,760,440
-380,138,-380,138,-760,275,0,040,0,030,0,069,380,177,380,167,760,344
-380,138,-380,138,-760,275,0,007,0,014,0,007,380,138,380,138,760,275
-380,138,-380,138,-760,275,0,007,0,014,0,007,380,138,380,138,760,275
-380,138,-380,138,-760,275,0,007,0,014,0,007,380,138,380,138,760,275
-380,138,-380,138,-760,275,0,007,0,014,0,007,380,138,380,138,760,275
-380,138,-380,138,-760,275,0,008,0,014,0,008,380,146,380,138,760,283
-380,138,-380,138,-760,275,0,143,0,014,0,143,380,280,380,138,760,418
-380,138,-380,138,-760,275,0,209,0,014,0,209,380,346,380,138,760,484
-380,138,-380,138,-760,275,0,138,0,014,0,138,380,276,380,138,760,413
-380,138,-380,138,-760,275,0,035,0,014,0,035,380,172,380,138,760,310
-380,138,-380,138,-760,275,0,071,0,014,0,071,380,209,380,138,760,346
-380,138,-380,138,-760,275,0,091,0,014,0,091,380,228,380,138,760,366
-380,138,-380,138,-760,275,0,038,0,022,0,060,380,175,380,159,760,335
-380,138,-380,138,-760,275,0,004,0,020,0,020,380,138,380,157,760,295
-380,138,-380,138,-760,275,0,004,0,008,0,008,380,138,380,146,760,283
-380,138,-380,138,-760,275,0,047,0,018,0,065,380,185,380,156,760,340
-380,138,-380,138,-760,275,0,125,0,018,0,125,380,263,380,138,760,400
-380,138,-380,138,-760,275,0,176,0,018,0,176,380,313,380,138,760,451
-380,138,-380,138,-760,275,0,187,0,018,0,187,380,324,380,138,760,462
-380,138,-380,138,-760,275,0,143,0,013,0,156,380,281,380,151,760,431
-380,138,-380,138,-760,275,0,026,0,018,0,018,380,138,380,156,760,294
-380,138,-380,138,-760,275,0,026,0,024,0,024,380,138,380,162,760,299
-380,138,-380,138,-760,275,0,026,0,005,0,005,380,138,380,138,760,275
-380,138,-380,138,-760,275,0,026,0,015,0,015,380,138,380,153,760,290
-380,138,-380,138,-760,275,0,026,0,046,0,046,380,138,380,183,760,321
-380,138,-380,138,-760,275,0,026,0,020,0,020,380,138,380,158,760,295
-380,138,-380,138,-760,275,0,026,0,001,0,001,380,138,380,138,760,276
-380,138,-380,138,-760,275,0,026,0,003,0,003,380,138,380,140,760,278
-380,138,-380,138,-760,275,0,026,0,020,0,020,380,138,380,158,760,295
-380,138,-380,138,-760,275,0,026,0,027,0,027,380,138,380,165,760,302
-380,138,-380,138,-760,275,0,026,0,057,0,057,380,138,380,195,760,332
-380,138,-380,138,-760,275,0,026,0,040,0,040,380,138,380,177,760,315
-380,138,-380,138,-760,275,0,026,0,005,0,005,380,138,380,138,760,275
-380,138,-380,138,-760,275,0,026,0,005,0,005,380,138,380,138,760,275
-380,138,-380,138,-760,275,0,026,0,005,0,005,380,138,380,138,760,275
-380,138,-380,138,-760,275,0,026,0,005,0,005,380,138,380,138,760,275
-380,138,-380,138,-760,275,0,026,0,005,0,005,380,138,380,138,760,275
-380,138,-380,138,-760,275,0,026,0,005,0,005,380,138,380,138,760,275
-380,138,-380,138,-760,275,0,026,0,005,0,005,380,138,380,138,760,275
-380,138,-380,138,-760,275,0,026,0,027,0,027,380,138,380,164,760,302
-380,138,-380,138,-760,275,0,026,0,032,0,032,380,138,380,170,760,307
-380,138,-380,138,-760,275,0,026,0,063,0,063,380,138,380,200,760,338
-380,138,-380,138,-760,275,0,026,0,051,0,051,380,138,380,189,760,326
-380,138,-380,138,-760,275,0,026,0,085,0,085,380,138,380,222,760,360
-380,138,-380,138,-760,275,0,026,0,097,0,097,380,138,380,234,760,372
-380,138,-380,138,-760,275,0,026,0,061,0,061,380,138,380,199,760,336
-380,138,-380,138,-760,275,0,026,0,041,0,041,380,138,380,179,760,316
-380,138,-380,138,-760,275,0,061,0,051,0,113,380,199,380,189,760,388
-380,138,-380,138,-760,275,0,011,0,066,0,076,380,148,380,203,760,351
-380,138,-380,138,-760,275,0,011,0,065,0,065,380,138,380,202,760,340
-380,138,-380,138,-760,275,0,011,0,058,0,058,380,138,380,195,760,333
-380,138,-380,138,-760,275,0,011,0,008,0,008,380,138,380,146,760,283
-380,138,-380,138,-760,275,0,052,0,008,0,052,380,190,380,138,760,327
-380,138,-380,138,-760,275,0,105,0,008,0,105,380,242,380,138,760,380
-380,138,-380,138,-760,275,0,115,0,008,0,115,380,252,380,138,760,390
-380,138,-380,138,-760,275,0,143,0,008,0,143,380,280,380,138,760,418
-380,138,-380,138,-760,275,0,142,0,008,0,142,380,280,380,138,760,417
-380,138,-380,138,-760,275,0,246,0,008,0,246,380,383,380,138,760,521
-380,138,-380,138,-760,275,0,188,0,008,0,188,380,326,380,138,760,464
-380,138,-380,138,-760,275,0,113,0,008,0,113,380,251,380,138,760,388
-380,138,-380,138,-760,275,0,039,0,043,0,082,380,176,380,181,760,357
-380,138,-380,138,-760,275,0,081,0,022,0,103,380,219,380,159,760,378
-380,138,-380,138,-760,275,0,027,0,046,0,073,380,164,380,183,760,348
-380,138,-380,138,-760,275,0,012,0,012,0,012,380,138,380,149,760,287
-380,138,-380,138,-760,275,0,012,0,002,0,002,380,138,380,138,760,275
-380,138,-380,138,-760,275,0,075,0,002,0,075,380,212,380,138,760,350
-380,138,-380,138,-760,275,0,108,0,002,0,108,380,245,380,138,760,383
-380,138,-380,138,-760,275,0,050,0,002,0,050,380,188,380,138,760,325
-380,138,-380,138,-760,275,0,050,0,002,0,050,380,138,380,138,760,275
-380,138,-380,138,-760,275,0,050,0,002,0,050,380,138,380,138,760,275
-380,138,-380,138,-760,275,0,050,0,014,0,014,380,138,380,152,760,289
-380,138,-380,138,-760,275,0,074,0,042,0,117,380,212,380,180,760,392
-380,138,-380,138,-760,275,0,044,0,086,0,130,380,181,380,223,760,405
-380,138,-380,138,-760,275,0,061,0,059,0,120,380,199,380,197,760,395
-380,138,-380,138,-760,275,0,077,0,045,0,121,380,214,380,182,760,397
-380,138,-380,138,-760,275,0,050,0,020,0,070,380,187,380,158,760,345
-380,138,-380,138,-760,275,0,134,0,014,0,134,380,272,380,138,760,409
-380,138,-380,138,-760,275,0,154,0,014,0,154,380,291,380,138,760,429
-380,138,-380,138,-760,275,0,125,0,006,0,125,380,262,380,138,760,400
-380,138,-380,138,-760,275,0,116,0,006,0,116,380,254,380,138,760,391
-380,138,-380,138,-760,275,0,103,0,001,0,103,380,241,380,138,760,379
-380,138,-380,138,-760,275,0,111,0,014,0,126,380,249,380,152,760,401
-380,138,-380,138,-760,275,0,097,0,080,0,177,380,235,380,217,760,452
